============================================================
  Generated by:           Encounter(R) RTL Compiler RC14.27 - v14.20-s064_1
  Generated on:           Mar 06 2022  01:22:28 am
  Module:                 Non_recursive_CIC1
  Technology library:     D_CELLS_HD_LP5MOS_typ_1_80V_25C 4.0.0
  Operating conditions:   typ_1_80V_25C 
  Interconnect mode:      global
  Area mode:              physical library
============================================================

           Instance             Cells  Cell Area  Net Area  Total Area 
-----------------------------------------------------------------------
Non_recursive_CIC1              36157     917488    486151     1403639 
  Third_Block_H3_z_1            31147     763965    416836     1180801 
    const_mul_745_54             1484      31400     16760       48161 
    const_mul_786_54             1422      31423     16036       47458 
    const_mul_654_53             1530      30256     17095       47351 
    const_mul_704_54             1480      30745     16531       47276 
    const_mul_909_54             1115      31312     13294       44606 
    const_mul_614_53             1332      28994     14916       43910 
    const_mul_868_54             1072      30183     12847       43030 
    const_mul_827_54             1063      29672     12696       42368 
    const_mul_538_53             1315      27446     14817       42264 
    const_mul_950_54             1056      29235     12778       42013 
    const_mul_577_53             1278      27549     14379       41928 
    const_mul_460_53             1276      26209     14204       40413 
    const_mul_499_53             1279      26092     14209       40301 
    const_mul_421_53             1262      25123     13958       39082 
    const_mul_382_53             1238      24581     13711       38293 
    const_mul_343_53             1259      24145     13775       37919 
    const_mul_304_52             1197      22943     13182       36125 
    csa_tree_add_607_44_groupi    177       6192      1922        8114 
    add_647_44                    352       4759      3130        7889 
    add_812_42                    172       4152      1316        5468 
    add_640_40                    150       3816      1026        4842 
    add_778_46                    128       3833       712        4545 
    add_771_42                    123       3786       693        4479 
    add_297_42                    197       2895      1572        4467 
    add_330_40                    200       2847      1598        4445 
    add_696_46                    123       3698       675        4373 
    add_737_46                    122       3693       667        4360 
    add_730_42                    120       3663       682        4345 
    add_686_44                    118       3673       645        4318 
    add_570_44                    113       3337       631        3968 
    add_564_40                    108       3287       620        3907 
    add_942_46                     69       3359       499        3858 
    add_935_42                     69       3359       499        3858 
    add_525_40                    108       3191       639        3830 
    add_531_44                    109       3211       609        3820 
    add_901_46                     68       3309       492        3801 
    add_894_42                     68       3309       492        3801 
    add_492_44                    107       3149       598        3747 
    add_860_46                     66       3209       477        3686 
    add_853_42                     66       3209       477        3686 
    add_486_40                    102       3096       583        3679 
    add_453_44                    104       3033       591        3624 
    add_447_40                    101       2998       587        3585 
    add_819_46                     64       3108       462        3571 
    add_414_44                    100       2950       558        3508 
    add_408_40                     98       2928       573        3500 
    add_369_40                     94       2802       551        3353 
    add_375_44                     94       2815       513        3328 
    add_336_44                     91       2694       506        3201 
    inc_add_706_64_12             132       2077       817        2895 
    inc_add_747_64_9              130       2085       799        2884 
    inc_add_579_61_16             129       1967       850        2817 
    inc_add_540_61_17             117       1841       707        2549 
    add_288_40                     48       2160       355        2515 
    inc_add_788_64_15              98       1862       577        2439 
    inc_add_462_61_19             112       1736       664        2400 
    inc_add_911_64_10              67       1826       484        2311 
    inc_add_870_64_24              66       1799       477        2276 
    inc_add_616_61_14              91       1721       551        2272 
    inc_add_829_64_25              64       1744       462        2206 
    inc_add_501_61_18              89       1618       547        2165 
    inc_add_656_61_13              72       1648       479        2128 
    inc_add_345_61_22              97       1528       565        2093 
    inc_add_423_61_20              77       1495       500        1995 
    inc_add_384_61_21              84       1480       492        1972 
    inc_add_306_58_23              85       1390       470        1859 
    inc_add_282_25_8               85       1365       462        1827 
    inc_add_295_33_7               43       1164       307        1471 
    inc_add_286_32_6               43       1164       307        1471 
    inc_add_952_69_11              18        489       126         615 
  First_Block_H2_z_1_1           2703      83816     36166      119982 
    csa_tree_add_252_40_groupi    218       4278      2261        6538 
    add_489_42                    152       2617      1209        3826 
    add_463_42                    135       2496      1069        3566 
    add_515_42                    122       2536       963        3500 
    add_385_40                    136       2363      1080        3444 
    add_437_42                    126       2411       996        3407 
    add_411_40                    129       2378      1022        3400 
    add_567_42                     91       2486       703        3189 
    add_359_40                    119       2243       941        3184 
    add_333_42                    121       2195       963        3158 
    add_541_42                     90       2439       696        3134 
    add_277_40                    121       2125       963        3088 
    final_adder_add_206_36        114       2075       915        2990 
    add_593_42                     64       2286       480        2765 
    add_303_40                     61       1897       464        2361 
    final_adder_mux_236_51         36       1666       259        1924 
    final_adder_mux_188_80         35       1616       251        1867 
    csa_tree_add_206_36            39       1651        33        1684 
  First_Block_H2_z_2             2009      59428     27111       86540 
    csa_tree_add_559_42_groupi    173       3625      1780        5406 
    csa_tree_add_449_42_groupi    166       3206      1714        4920 
    csa_tree_add_399_40_groupi    138       2815      1417        4232 
    csa_tree_add_324_40_groupi    121       2411      1237        3648 
    final_adder_mux_588_53        129       1984      1047        3031 
    add_477_42                    108       1691       860        2550 
    add_205_36                     94       1530       754        2284 
    final_adder_mux_542_53         32       1465       229        1694 
    add_505_42                     33       1407       240        1647 
    final_adder_add_229_36         51       1096       404        1501 
    final_adder_mux_432_53         27       1214       192        1406 
    final_adder_mux_381_83         24       1172       170        1342 
    final_adder_mux_357_83         24       1064       170        1234 
    final_adder_add_253_36         29        976       221        1197 
    csa_tree_add_375_36            30       1139        40        1179 
    final_adder_add_277_36         25        956       185        1140 
    final_adder_mux_307_51         22        963       155        1118 
    add_175_38                     21        951       144        1095 
    inc_add_214_35_1               32        577       180         757 
  Non_recursive_CIC1_tc_1         110       2797      1432        4230 
